                Ave.Return(%)  Volatility(%)  Sharpe  Net_Sharpe  Max_Drawdown(%)  Turnover(Annual)  Info Ratio (vs BTC)  Info Ratio (vs EW)
BTC                     63.70          47.83    1.33        0.54           -29.53            262.36                  NaN                0.16
EW                      56.62          74.06    0.76        0.31           -60.62            240.26                -0.16                 NaN
OLS                     80.53          34.40    2.34        1.37           -18.21            229.22                 0.34                0.34
RIDGE                   87.29          34.31    2.54        1.59           -16.02            223.69                 0.47                0.44
BOOST                  154.79          38.22    4.05        3.15           -14.86            236.12                 1.67                1.25
ENSEMBLE                81.69          34.29    2.38        1.40           -17.97            229.22                 0.35                0.36
VOL_TARGET_EW           44.17          49.58    0.89        0.20           -41.72            243.02                -0.65               -0.48
RISK_PARITY_EW          78.47         101.50    0.77        0.43           -74.25            248.55                 0.21                0.67
VOL_TARGET_ML           80.86          46.28    1.75        0.99           -26.27            245.79                 0.44                0.58
RISK_PARITY_ML          88.68          91.95    0.96        0.58           -66.98            251.31                 0.41                1.34
MV_OPT                 248.80          81.27    3.06        2.65           -30.35            234.74                 3.06                4.07